25
1 7
1 13
1 19
1 25
1 2
1 3
1 4
1 5
1 6
1 11
1 16
1 21
2 8
2 14
2 20
2 6
2 3
2 4
2 5
2 7
2 12
2 17
2 22
2 1
3 9
3 15
3 7
3 11
3 4
3 5
3 8
3 13
3 18
3 23
3 2
3 1
4 10
4 8
4 12
4 16
4 5
4 9
4 14
4 19
4 24
4 3
4 2
4 1
5 9
5 13
5 17
5 21
5 10
5 15
5 20
5 25
5 4
5 3
5 2
5 1
6 12
6 18
6 24
6 7
6 8
6 9
6 10
6 11
6 16
6 21
6 2
6 1
7 13
7 19
7 25
7 11
7 8
7 9
7 10
7 12
7 17
7 22
7 6
7 3
7 2
7 1
8 14
8 20
8 12
8 16
8 9
8 10
8 13
8 18
8 23
8 7
8 6
8 4
8 3
8 2
9 15
9 13
9 17
9 21
9 10
9 14
9 19
9 24
9 8
9 7
9 6
9 5
9 4
9 3
10 14
10 18
10 22
10 15
10 20
10 25
10 9
10 8
10 7
10 6
10 5
10 4
11 17
11 23
11 12
11 13
11 14
11 15
11 16
11 21
11 7
11 6
11 3
11 1
12 18
12 24
12 16
12 13
12 14
12 15
12 17
12 22
12 11
12 8
12 7
12 6
12 4
12 2
13 19
13 25
13 17
13 21
13 14
13 15
13 18
13 23
13 12
13 11
13 9
13 8
13 7
13 5
13 3
13 1
14 20
14 18
14 22
14 15
14 19
14 24
14 13
14 12
14 11
14 10
14 9
14 8
14 4
14 2
15 19
15 23
15 20
15 25
15 14
15 13
15 12
15 11
15 10
15 9
15 5
15 3
16 22
16 17
16 18
16 19
16 20
16 21
16 12
16 11
16 8
16 6
16 4
16 1
17 23
17 21
17 18
17 19
17 20
17 22
17 16
17 13
17 12
17 11
17 9
17 7
17 5
17 2
18 24
18 22
18 19
18 20
18 23
18 17
18 16
18 14
18 13
18 12
18 10
18 8
18 6
18 3
19 25
19 23
19 20
19 24
19 18
19 17
19 16
19 15
19 14
19 13
19 9
19 7
19 4
19 1
20 24
20 25
20 19
20 18
20 17
20 16
20 15
20 14
20 10
20 8
20 5
20 2
21 22
21 23
21 24
21 25
21 17
21 16
21 13
21 11
21 9
21 6
21 5
21 1
22 23
22 24
22 25
22 21
22 18
22 17
22 16
22 14
22 12
22 10
22 7
22 2
23 24
23 25
23 22
23 21
23 19
23 18
23 17
23 15
23 13
23 11
23 8
23 3
24 25
24 23
24 22
24 21
24 20
24 19
24 18
24 14
24 12
24 9
24 6
24 4
25 24
25 23
25 22
25 21
25 20
25 19
25 15
25 13
25 10
25 7
25 5
25 1
